%YAML:1.0
---
myHogDector1: !!opencv-object-detector-hog
   winSize: [ 64, 128 ]
   blockSize: [ 16, 16 ]
   blockStride: [ 8, 8 ]
   cellSize: [ 8, 8 ]
   nbins: 9
   derivAperture: 1
   winSigma: 4.
   histogramNormType: 0
   L2HysThreshold: 2.0000000000000001e-01
   gammaCorrection: 1
   nlevels: 64
   signedGradient: 0
   SVMDetector: [ 6.52883202e-03, -2.35040635e-02, 3.37165105e-03,
       -1.23744346e-02, -2.73304083e-03, -1.46311335e-02,
       -2.56261844e-02, -4.23420444e-02, -8.57069995e-03, 2.61041969e-02,
       -1.30863823e-02, -9.54986643e-03, -1.72976684e-02, 3.64033505e-02,
       -3.23103108e-02, 1.08005793e-03, -1.54236788e-02, 6.90659136e-03,
       3.64219509e-02, -3.58225331e-02, -1.76189579e-02, -9.58671886e-03,
       -2.00254247e-02, 2.85803545e-02, -8.66012182e-03, -4.89178002e-02,
       1.87787395e-02, 1.99197046e-02, -1.52794481e-03, -2.12642131e-03,
       -4.27723955e-03, 4.18619514e-02, -6.39668433e-04, 1.75857022e-02,
       7.00559979e-03, 9.03624203e-03, 7.77736492e-03, -2.79415604e-02,
       -2.85771936e-02, 1.04210114e-04, 2.12467611e-02, -3.56053584e-03,
       1.56623852e-02, -1.57405622e-02, 1.02574201e-02, 5.96067961e-03,
       7.93240406e-03, -1.18015986e-02, 2.59374026e-02, 2.43666652e-03,
       4.33169082e-02, 2.42315978e-02, -1.35054588e-02, -4.65546083e-03,
       -1.50165670e-02, 3.18520283e-03, -1.97350662e-02, -1.77745018e-02,
       4.02768999e-02, -1.51755260e-02, 7.54427817e-03, -2.51564309e-02,
       -9.64892283e-03, -8.41483194e-03, 2.95690820e-03, -2.33548768e-02,
       -3.07694869e-03, 1.43996049e-02, 2.66995262e-02, 2.71051079e-02,
       -1.82714581e-03, -3.31508112e-04, -1.39088312e-03, 8.23839474e-03,
       -1.02009270e-02, -8.25514365e-03, -4.21832465e-02, 1.93520728e-02,
       2.46601645e-02, -6.40721479e-03, -1.21053467e-02, 2.21933927e-02,
       2.12451462e-02, 3.14413793e-02, 4.61727986e-03, -1.29327190e-03,
       -1.13554560e-02, 6.79516839e-03, 6.63336553e-03, -1.13193411e-02,
       -1.23841604e-02, -1.78168509e-02, -1.77747738e-02,
       -5.51743619e-02, -5.47494441e-02, 7.20359804e-03, 6.09702431e-02,
       1.20061366e-02, 8.01578443e-03, -6.16288278e-03, -1.68256536e-02,
       -5.49560273e-03, -2.10719611e-02, 2.40843687e-02, -7.64861703e-03,
       3.65416855e-02, 2.31624525e-02, 1.13273067e-02, 2.04123929e-02,
       2.13431213e-02, 3.64850163e-02, 2.32394971e-02, -1.10290460e-02,
       -2.72185933e-02, -3.92104592e-03, -1.03118410e-02,
       -1.53981531e-02, -3.65009308e-02, -1.49399927e-02,
       -4.11563116e-04, 1.52610121e-02, -2.89571080e-02, -2.91839987e-02,
       -3.59630920e-02, 6.08379487e-03, -6.64093345e-03, 1.66342326e-03,
       7.68295163e-03, 1.21109989e-02, -8.82390141e-03, -3.10379243e-03,
       -3.52171399e-02, -3.07242828e-03, -2.05480326e-02,
       -1.13806296e-02, 2.24776901e-02, -2.73066703e-02, -2.44919658e-02,
       7.17849052e-03, -5.73667977e-03, 1.35799255e-02, -4.93047247e-03,
       1.82527527e-02, 1.41279586e-02, -9.11602471e-03, 9.03136283e-03,
       -1.69710461e-02, 3.00312485e-03, -2.33216733e-02, -1.12868454e-02,
       -1.75865702e-02, 2.59077214e-02, 2.37707258e-03, -4.02108431e-02,
       2.78721321e-02, -3.33129913e-02, -3.14895846e-02, 2.45470926e-02,
       -2.41157934e-02, -8.59103724e-03, 2.31140461e-02, -1.81506556e-02,
       3.51630198e-03, 2.74369377e-03, 3.12769320e-03, 1.64725985e-02,
       3.14671025e-02, 3.19432467e-02, -1.54866639e-03, 4.20980006e-02,
       -1.78282231e-03, -2.88653784e-02, -7.73333432e-03,
       -4.15302776e-02, 3.01032211e-03, 3.88800688e-02, 6.65146764e-03,
       9.61242430e-03, 1.68991052e-02, 1.26362517e-02, -4.39365841e-02,
       1.58123542e-02, -1.85111761e-02, 1.54007701e-02, 1.46099515e-02,
       8.35797749e-03, 5.10266330e-03, 2.28807870e-02, -1.08660888e-02,
       -1.87234692e-02, -2.74864435e-02, -1.71099510e-02, 2.35243570e-02,
       2.45624576e-02, -2.46569384e-02, -1.78454760e-02, 2.11312342e-02,
       1.75801031e-02, 1.86478477e-02, -1.06468732e-02, -2.59061661e-02,
       1.59880873e-02, 1.36335986e-03, 3.39753963e-02, 1.71230547e-02,
       4.15678024e-02, 2.59659290e-02, -1.66740194e-02, -5.98168746e-03,
       -6.40618429e-03, 7.06747966e-03, 3.52119431e-02, -1.66746415e-02,
       -2.28034686e-02, 6.73760287e-03, 2.01401040e-02, -1.29812201e-02,
       -1.02596115e-02, 4.85180039e-03, 3.00227571e-02, -6.93953782e-03,
       -1.67558640e-02, -1.33563904e-02, 5.35018295e-02, 3.30367684e-02,
       -3.01148444e-02, -3.52256782e-02, -2.16419175e-02,
       -4.49518412e-02, -1.36925867e-02, -2.64160372e-02,
       -2.67345887e-02, -1.42591051e-03, 4.44756774e-03, -4.94735735e-03,
       7.25199748e-03, 4.15823981e-02, 3.67679819e-02, 3.82599086e-02,
       1.17731802e-02, 4.84022312e-03, 3.36573236e-02, 2.59447861e-02,
       -2.29400322e-02, -1.10974209e-02, -4.02816990e-03,
       -3.05578131e-02, 3.05633824e-02, -1.13944300e-02, -2.43756734e-03,
       1.09762475e-02, -1.23276515e-02, -5.62814123e-04, 4.38715378e-03,
       -1.18200213e-03, -1.45951780e-02, -1.49829010e-03, 2.00651810e-02,
       -1.60718523e-02, 2.11620219e-02, 5.64790564e-03, -4.50707674e-02,
       -3.68930362e-02, -6.47538202e-03, -3.20313796e-02,
       -4.26227488e-02, -4.29088995e-02, -3.36100198e-02, 1.86147224e-02,
       -1.74496677e-02, -5.44172479e-03, 2.98040006e-02, -7.39005115e-03,
       1.38335200e-02, 2.38395687e-02, 5.33182062e-02, 1.14038531e-02,
       1.37216030e-02, -6.17976626e-03, -2.23972537e-02, -1.17968190e-02,
       -2.42920928e-02, -2.70502251e-02, -2.38949694e-02,
       -1.26953050e-02, -1.80952571e-04, -6.35699718e-04,
       -8.22423398e-03, -1.50060747e-03, -2.93031428e-02, 7.30466843e-03,
       -1.11688790e-03, -3.06954011e-02, -4.38814238e-03,
       -1.78477988e-02, 2.03958135e-02, -1.26344746e-03, -2.70372313e-02,
       -4.94150072e-02, -6.85676606e-03, -2.41842354e-03, 2.78044268e-02,
       -3.58194672e-02, -7.39077898e-03, -1.26580261e-02,
       -4.17997427e-02, 2.29909960e-02, 2.71033612e-03, 1.49339708e-02,
       -2.21114652e-03, -4.53111203e-03, 4.76285182e-02, 3.82811539e-02,
       2.46751327e-02, 5.87320887e-03, -1.85650196e-02, 2.40260386e-03,
       3.06461379e-03, -5.38963312e-03, 1.49202056e-03, 8.49550497e-03,
       1.24556515e-02, -9.95555241e-03, -1.35991750e-02, 2.47541699e-03,
       -1.46734780e-02, 1.57197786e-03, -9.26980097e-03, 2.80941837e-02,
       -4.11974415e-02, -1.80287920e-02, 3.09357024e-03, -1.75364614e-02,
       2.38209870e-02, -8.07523914e-03, -9.84292757e-03, -1.62846986e-02,
       1.63209755e-02, -2.01646648e-02, -2.46783588e-02, 3.29558179e-02,
       2.91289315e-02, -1.23445895e-02, -9.60978400e-03, 7.74962176e-03,
       2.13487055e-02, -2.76732873e-02, -1.90113857e-02, -1.13032646e-02,
       8.17092508e-03, -4.18180488e-02, -1.72483306e-02, -7.54911499e-03,
       7.25041842e-03, 1.12009468e-02, 1.56085193e-02, -1.75998034e-03,
       -3.53331082e-02, 3.07058753e-03, -2.12800056e-02, 2.36567222e-02,
       -8.96680169e-03, -2.25807801e-02, -1.14870677e-02,
       -8.68602656e-03, -1.39810639e-02, -3.59000079e-02, 3.46966386e-02,
       4.08281051e-02, -1.02394586e-02, -1.58845633e-02, -3.39460769e-03,
       -1.63990222e-02, 1.33843785e-02, -2.81982049e-02, -4.39912975e-02,
       7.18976930e-03, -8.16702435e-04, 2.13874131e-03, -6.47987938e-03,
       8.03237036e-03, 3.05017922e-03, 6.49926811e-03, 2.52472293e-02,
       -1.80330947e-02, 1.70444567e-02, 8.45145248e-03, 1.86301190e-02,
       -1.37243615e-02, -1.86754783e-04, -5.84040023e-03, 7.59530114e-03,
       -9.33605072e-04, -1.65546313e-02, -3.28357494e-03,
       -4.12905915e-03, -3.97534017e-03, 1.94355231e-02, 1.01903947e-02,
       -1.21290761e-03, 7.50915101e-03, 5.71788149e-03, -1.07443919e-02,
       2.58709192e-02, 1.34588210e-02, 1.00617399e-02, 2.09581051e-02,
       -2.74353772e-02, -2.21655536e-02, -2.19896771e-02,
       -2.20695883e-02, -5.23311868e-02, 1.01863379e-02, -4.09750082e-03,
